084154	00000000
084154	00000002
084154	00000007
084154	00000012
084154	00000017
084154	00000023
084154	00000028
084154	00000034
084154	00000039
084154	00000045
084154	00000050
084154	00000054
084154	00000058
084154	00000061
084154	00000065
084154	00000067
084154	00000069
084154	00000072
084154	00000074
084154	00000076
084154	00000078
084154	00000079
084154	00000080
084154	00000081
084154	00000082
084154	00000083
084154	00000084
084154	00000086
084154	00000088
084154	00000089
084154	00000090
084154	00000092
084154	00000093
084154	00000094
084154	00000096
084154	00000098
084154	00000100
084154	00000102
084154	00000104
084154	00000105
084154	00000105
084154	00000107
084154	00000108
084154	00000109
084154	00000109
084154	00000110
084154	00000112
084154	00000113
084154	00000113
084154	00000113
084154	00000114
084154	00000115
084154	00000115
084154	00000115
084154	00000115
084154	00000115
084154	00000115
084154	00000115
084154	00000115
084154	00000115
084154	00000116
084154	00000116
084154	00000116
084154	00000116
084154	00000116
084154	00000116
084154	00000116
084154	00000117
084154	00000116
084154	00000117
084154	00000117
084154	00000117
084154	00000117
084154	00000117
084154	00000117
084154	00000117
084154	00000117
084154	00000117
084154	00000118
084154	00000119
084154	00000120
084154	00000122
084154	00000123
084154	00000123
084154	00000123
084154	00000124
084154	00000123
084154	00000124
084154	00000124
084154	00000124
084154	00000125
084154	00000126
084154	00000126
084154	00000126
084154	00000127
084154	00000128
084154	00000129
084154	00000130
084154	00000131
084154	00000131
084154	00000131
084154	00000132
084154	00000132
084154	00000132
084154	00000133
084154	00000133
084154	00000133
084154	00000134
084154	00000134
084154	00000134
084154	00000134
084154	00000134
084154	00000134
084154	00000134
084154	00000134
084154	00000135
084154	00000135
084154	00000135
084154	00000135
084154	00000135
084154	00000135
084154	00000135
084154	00000135
084154	00000136
084154	00000136
084154	00000136
084154	00000137
084154	00000138
084154	00000138
084154	00000139
084154	00000140
084154	00000142
084154	00000144
084154	00000147
084154	00000150
084154	00000154
084154	00000159
084154	00000163
084154	00000168
084154	00000173
084154	00000177
084154	00000182
084154	00000187
084154	00000192
084154	00000197
084154	00000202
084154	00000207
084154	00000213
084154	00000218
084154	00000223
084154	00000228
084154	00000233
084154	00000238
084154	00000243
084154	00000248
084154	00000253
084154	00000258
084154	00000263
084154	00000268
084154	00000273
084154	00000278
084154	00000283
084154	00000288
084154	00000293
084154	00000298
084154	00000304
084154	00000309
084154	00000314
084154	00000319
084154	00000325
084154	00000330
084154	00000335
084154	00000341
084154	00000346
084154	00000351
084154	00000357
084154	00000362
084154	00000367
084154	00000372
084154	00000378
084154	00000383
084154	00000388
084154	00000394
084154	00000399
084154	00000405
084154	00000410
084154	00000415
084154	00000421
084154	00000426
084154	00000432
084154	00000437
084154	00000443
084154	00000448
084154	00000454
084154	00000459
084154	00000465
084154	00000470
084154	00000476
084154	00000481
084154	00000487
084154	00000492
084154	00000498
084154	00000503
084154	00000509
084154	00000514
084154	00000520
084154	00000525
084154	00000531
084154	00000536
084154	00000541
084154	00000546
084154	00000549
084154	00000553
084154	00000556
084154	00000560
084154	00000563
084154	00000566
084154	00000570
084154	00000573
084154	00000576
084154	00000580
084154	00000583
084154	00000586
084154	00000589
084154	00000591
084154	00000594
084154	00000597
084154	00000600
084154	00000603
084154	00000605
084154	00000607
084154	00000609
084154	00000610
084154	00000611
084154	00000612
084154	00000613
084154	00000614
084154	00000614
084154	00000615
084154	00000615
084154	00000616
084154	00000616
084154	00000616
084154	00000616
084154	00000616
084154	00000616
084154	00000617
084154	00000617
084154	00000617
084154	00000618
084154	00000619
084154	00000619
084154	00000619
084154	00000620
084154	00000620
084154	00000620
084154	00000620
084154	00000621
084154	00000621
084154	00000621
084154	00000621
084154	00000621
084154	00000622
084154	00000622
084154	00000623
084154	00000625
084154	00000627
084154	00000629
084154	00000631
084154	00000633
084154	00000636
084154	00000638
084154	00000639
084154	00000640
084154	00000642
084154	00000643
084154	00000644
084154	00000645
084154	00000647
084154	00000649
084154	00000650
084154	00000652
084154	00000654
084154	00000655
084154	00000657
084154	00000657
084154	00000658
084154	00000658
084154	00000659
084154	00000659
084154	00000660
084154	00000661
084154	00000661
084154	00000662
084154	00000663
084154	00000663
084154	00000663
084154	00000664
084154	00000665
084154	00000665
084154	00000666
084154	00000667
084154	00000668
084154	00000669
084154	00000670
084154	00000671
084154	00000674
084154	00000676
084154	00000680
084154	00000684
084154	00000689
084154	00000693
084154	00000697
084154	00000701
084154	00000706
084154	00000711
084154	00000715
084154	00000720
084154	00000725
084154	00000729
084154	00000734
084154	00000738
084154	00000743
084154	00000747
084154	00000751
084154	00000755
084154	00000759
084154	00000763
084154	00000767
084154	00000771
084154	00000775
084154	00000778
084154	00000780
084154	00000780
084154	00000780
084154	00000780
084154	00000780
084154	00000780
084154	00000780
084154	00000780
084154	00000780
084154	00000780
084154	00000780
084154	00000780
084154	00000780
084154	00000780
084154	00000780
084154	00000780
084154	00000780
084154	00000780
084154	00000780
084154	00000780
084154	00000780
084154	00000780
084154	00000780
084154	00000780
084154	00000780
084154	00000780
084154	00000780
084154	00000780
084154	00000780
084154	00000780
084154	00000780
084154	00000780
084154	00000780
084154	00000780
084154	00000780
084154	00000780
084154	00000780
084154	00000780
084154	00000780
084154	00000780
084154	00000780
084154	00000780
084154	00000780
084154	00000780
084154	00000780
084154	00000780
084154	00000780
084154	00000780
084154	00000780
084154	00000780
084154	00000780
084154	00000780
084154	00000780
084154	00000780
084154	00000780
084154	00000780
084154	00000780
084154	00000780
084154	00000780
084154	00000780
084154	00000780
084154	00000780
084154	00000780
084154	00000780
084154	00000780
084154	00000780
084154	00000780
084154	00000780
084154	00000780
084154	00000780
084154	00000780
084154	00000780
084154	00000780
084154	00000780
084154	00000780
084154	00000780
084154	00000780
084154	00000780
084154	00000780
084154	00000780
084154	00000780
084154	00000780
084154	00000780
084154	00000780
084154	00000780
084154	00000780
084154	00000780
084154	00000780
084154	00000780
084154	00000780
084154	00000780
084154	00000780
084154	00000780
084154	00000780
084154	00000780
084154	00000780
084154	00000780
084154	00000780
084154	00000780
084154	00000780
084154	00000780
084154	00000780
084154	00000780
084154	00000780
084154	00000780
084154	00000780
084154	00000780
084154	00000780
084154	00000780
084154	00000780
084154	00000780
084154	00000780
084154	00000780
084154	00000780
084154	00000780
084154	00000780
084154	00000780
084154	00000780
084154	00000780
084154	00000780
084154	00000780
084154	00000780
084154	00000780
084154	00000780
084154	00000780
084154	00000780
084154	00000780
084154	00000780
084154	00000780
084154	00000780
084154	00000780
084154	00000780
084154	00000780
084154	00000780
084154	00000780
084154	00000780
084154	00000780
084154	00000780
084154	00000780
084154	00000780
084154	00000780
084154	00000780
084154	00000780
084154	00000780
084154	00000780
084154	00000780
084154	00000780
084154	00000780
084154	00000780
084154	00000780
084154	00000780
084154	00000780
084154	00000780
084154	00000780
084154	00000780
084154	00000780
084154	00000780
084154	00000780
084154	00000780
084154	00000780
084154	00000780
084154	00000780
084154	00000780
084154	00000780
084154	00000780
084154	00000780
084154	00000780
084154	00000780
084154	00000780
084154	00000780
084154	00000780
084154	00000780
084154	00000780
084154	00000780
084154	00000780
084154	00000780
084154	00000780
084154	00000780
084154	00000780
084154	00000780
084154	00000780
084154	00000780
084154	00000780
084154	00000780
084154	00000780
084154	00000780
084154	00000780
084154	00000780
084154	00000780
084154	00000780
084154	00000780
084154	00000780
084154	00000780
084154	00000780
084154	00000780
084154	00000780
084154	00000780
084154	00000780
084154	00000780
084154	00000780
084154	00000780
084154	00000780
084154	00000780
084154	00000780
084154	00000780
084154	00000780
084154	00000780
084154	00000780
084154	00000780
084154	00000780
084154	00000780
084154	00000780
084154	00000780
084154	00000780
084154	00000780
084154	00000780
084154	00000780
084154	00000780
084154	00000780
084154	00000780
084154	00000780
084154	00000780
084154	00000780
084154	00000780
084154	00000780
084154	00000780
084154	00000780
084154	00000780
084154	00000780
084154	00000780
084154	00000780
084154	00000780
084154	00000780
084154	00000780
084154	00000780
