084154	00000001
084154	00000006
084154	00000011
084154	00000017
084154	00000022
084154	00000028
084154	00000033
084154	00000039
084154	00000044
084154	00000049
084154	00000054
084154	00000057
084154	00000061
084154	00000064
084154	00000067
084154	00000069
084154	00000072
084154	00000074
084154	00000076
084154	00000078
084154	00000079
084154	00000080
084154	00000081
084154	00000082
084154	00000083
084154	00000084
084154	00000085
084154	00000087
084154	00000089
084154	00000090
084154	00000092
084154	00000093
084154	00000094
084154	00000096
084154	00000098
084154	00000100
084154	00000102
084154	00000104
084154	00000105
084154	00000105
084154	00000106
084154	00000107
084154	00000109
084154	00000109
084154	00000110
084154	00000112
084154	00000113
084154	00000113
084154	00000113
084154	00000114
084154	00000114
084154	00000115
084154	00000115
084154	00000115
084154	00000115
084154	00000115
084154	00000115
084154	00000115
084154	00000115
084154	00000116
084154	00000116
084154	00000116
084154	00000116
084154	00000116
084154	00000116
084154	00000116
084154	00000116
084154	00000117
084154	00000117
084154	00000117
084154	00000117
084154	00000117
084154	00000117
084154	00000117
084154	00000117
084154	00000117
084154	00000117
084154	00000118
084154	00000119
084154	00000120
084154	00000121
084154	00000123
084154	00000123
084154	00000123
084154	00000124
084154	00000124
084154	00000124
084154	00000124
084154	00000124
084154	00000125
084154	00000125
084154	00000126
084154	00000127
084154	00000127
084154	00000128
084154	00000129
084154	00000130
084154	00000131
084154	00000131
084154	00000131
084154	00000132
084154	00000132
084154	00000132
084154	00000133
084154	00000133
084154	00000133
084154	00000134
084154	00000134
084154	00000134
084154	00000134
084154	00000134
084154	00000134
084154	00000134
084154	00000134
084154	00000135
084154	00000135
084154	00000135
084154	00000135
084154	00000135
084154	00000135
084154	00000135
084154	00000135
084154	00000136
084154	00000136
084154	00000136
084154	00000137
084154	00000138
084154	00000138
084154	00000139
084154	00000140
084154	00000142
084154	00000144
084154	00000146
084154	00000150
084154	00000153
084154	00000158
084154	00000163
084154	00000167
084154	00000172
084154	00000177
084154	00000182
084154	00000187
084154	00000192
084154	00000197
084154	00000202
084154	00000207
084154	00000212
084154	00000217
084154	00000222
084154	00000227
084154	00000232
084154	00000237
084154	00000242
084154	00000247
084154	00000252
084154	00000257
084154	00000262
084154	00000267
084154	00000272
084154	00000277
084154	00000282
084154	00000287
084154	00000292
084154	00000298
084154	00000303
084154	00000308
084154	00000313
084154	00000319
084154	00000324
084154	00000329
084154	00000335
084154	00000340
084154	00000345
084154	00000351
084154	00000356
084154	00000361
084154	00000367
084154	00000372
084154	00000377
084154	00000382
084154	00000388
084154	00000393
084154	00000399
084154	00000404
084154	00000409
084154	00000415
084154	00000420
084154	00000426
084154	00000431
084154	00000436
084154	00000442
084154	00000447
084154	00000453
084154	00000459
084154	00000464
084154	00000470
084154	00000475
084154	00000481
084154	00000486
084154	00000492
084154	00000497
084154	00000503
084154	00000508
084154	00000514
084154	00000519
084154	00000524
084154	00000530
084154	00000535
084154	00000541
084154	00000545
084154	00000549
084154	00000552
084154	00000555
084154	00000559
084154	00000563
084154	00000566
084154	00000569
084154	00000572
084154	00000576
084154	00000579
084154	00000582
084154	00000586
084154	00000589
084154	00000591
084154	00000594
084154	00000597
084154	00000599
084154	00000602
084154	00000605
084154	00000607
084154	00000608
084154	00000609
084154	00000611
084154	00000612
084154	00000613
084154	00000614
084154	00000614
084154	00000615
084154	00000615
084154	00000616
084154	00000616
084154	00000616
084154	00000616
084154	00000616
084154	00000616
084154	00000617
084154	00000617
084154	00000617
084154	00000618
084154	00000619
084154	00000619
084154	00000619
084154	00000620
084154	00000620
084154	00000620
084154	00000620
084154	00000620
084154	00000621
084154	00000621
084154	00000621
084154	00000621
084154	00000621
084154	00000622
084154	00000623
084154	00000625
084154	00000627
084154	00000629
084154	00000631
084154	00000633
084154	00000635
084154	00000637
084154	00000639
084154	00000640
084154	00000642
084154	00000643
084154	00000644
084154	00000645
084154	00000647
084154	00000649
084154	00000650
084154	00000652
084154	00000654
084154	00000655
084154	00000656
084154	00000657
084154	00000658
084154	00000658
084154	00000659
084154	00000659
084154	00000660
084154	00000661
084154	00000661
084154	00000662
084154	00000663
084154	00000663
084154	00000663
084154	00000664
084154	00000664
084154	00000665
084154	00000666
084154	00000667
084154	00000668
084154	00000669
084154	00000670
084154	00000671
084154	00000673
084154	00000676
084154	00000680
084154	00000684
084154	00000688
084154	00000692
084154	00000697
084154	00000701
084154	00000706
084154	00000710
084154	00000715
084154	00000719
084154	00000724
084154	00000729
084154	00000733
084154	00000737
084154	00000742
084154	00000746
084154	00000750
084154	00000754
084154	00000758
084154	00000762
084154	00000766
084154	00000770
084154	00000774
084154	00000778
084154	00000780
084154	00000780
084154	00000780
084154	00000780
084154	00000780
084154	00000780
084154	00000780
084154	00000780
084154	00000780
084154	00000780
084154	00000780
084154	00000780
084154	00000780
084154	00000780
084154	00000780
084154	00000780
084154	00000780
084154	00000780
084154	00000780
084154	00000780
084154	00000780
084154	00000780
084154	00000780
084154	00000780
084154	00000780
084154	00000780
084154	00000780
084154	00000780
084154	00000780
084154	00000780
084154	00000780
084154	00000780
084154	00000780
084154	00000780
084154	00000780
084154	00000780
084154	00000780
084154	00000780
084154	00000780
084154	00000780
084154	00000780
084154	00000780
084154	00000780
084154	00000780
084154	00000780
084154	00000780
084154	00000780
084154	00000780
084154	00000780
084154	00000780
084154	00000780
084154	00000780
084154	00000780
084154	00000780
084154	00000780
084154	00000780
084154	00000780
084154	00000780
084154	00000780
084154	00000780
084154	00000780
084154	00000780
084154	00000780
084154	00000780
084154	00000780
084154	00000780
084154	00000780
084154	00000780
084154	00000780
084154	00000780
084154	00000780
084154	00000780
084154	00000780
084154	00000780
084154	00000780
084154	00000780
084154	00000780
084154	00000780
084154	00000780
084154	00000780
084154	00000780
084154	00000780
084154	00000780
084154	00000780
084154	00000780
084154	00000780
084154	00000780
084154	00000780
084154	00000780
084154	00000780
084154	00000780
084154	00000780
084154	00000780
084154	00000780
084154	00000780
084154	00000780
084154	00000780
084154	00000780
084154	00000780
084154	00000780
084154	00000780
084154	00000780
084154	00000780
084154	00000780
084154	00000780
084154	00000780
084154	00000780
084154	00000780
084154	00000780
084154	00000780
084154	00000780
084154	00000780
084154	00000780
084154	00000780
084154	00000780
084154	00000780
084154	00000780
084154	00000780
084154	00000780
084154	00000780
084154	00000780
084154	00000780
084154	00000780
084154	00000780
084154	00000780
084154	00000780
084154	00000780
084154	00000780
084154	00000780
084154	00000780
084154	00000780
084154	00000780
084154	00000780
084154	00000780
084154	00000780
084154	00000780
084154	00000780
084154	00000780
084154	00000780
084154	00000780
084154	00000780
084154	00000780
084154	00000780
084154	00000780
084154	00000780
084154	00000780
084154	00000780
084154	00000780
084154	00000780
084154	00000780
084154	00000780
084154	00000780
084154	00000780
084154	00000780
084154	00000780
084154	00000780
084154	00000780
084154	00000780
084154	00000780
084154	00000780
084154	00000780
084154	00000780
084154	00000780
084154	00000780
084154	00000780
084154	00000780
084154	00000780
084154	00000780
084154	00000780
084154	00000780
084154	00000780
084154	00000780
084154	00000780
084154	00000780
084154	00000780
084154	00000780
084154	00000780
084154	00000780
084154	00000780
084154	00000780
084154	00000780
084154	00000780
084154	00000780
084154	00000780
084154	00000780
084154	00000780
084154	00000780
084154	00000780
084154	00000780
084154	00000780
084154	00000780
084154	00000780
084154	00000780
084154	00000780
084154	00000780
084154	00000780
084154	00000780
084154	00000780
084154	00000780
084154	00000780
084154	00000780
084154	00000780
084154	00000780
084154	00000780
084154	00000780
084154	00000780
084154	00000780
084154	00000780
084154	00000780
084154	00000780
084154	00000780
084154	00000780
084154	00000780
084154	00000780
084154	00000780
084154	00000780
084154	00000780
084154	00000780
084154	00000780
084154	00000780
084154	00000780
084154	00000780
084154	00000780
084154	00000780
084154	00000780
084154	00000780
084154	00000780
084154	00000780
084154	00000780
084154	00000780
084154	00000780
084154	00000780
084154	00000780
084154	00000780
084154	00000780
084154	00000780
