084402	00000780
084402	00000779
084402	00000776
084402	00000773
084402	00000768
084402	00000763
084402	00000758
084402	00000753
084402	00000748
084402	00000743
084402	00000738
084402	00000732
084402	00000727
084402	00000722
084402	00000718
084402	00000712
084402	00000708
084402	00000703
084402	00000698
084402	00000693
084402	00000688
084402	00000683
084402	00000678
084402	00000673
084402	00000668
084402	00000663
084402	00000658
084402	00000653
084402	00000648
084402	00000643
084402	00000638
084402	00000633
084402	00000628
084402	00000623
084402	00000618
084402	00000612
084402	00000607
084402	00000602
084402	00000597
084402	00000591
084402	00000586
084402	00000580
084402	00000575
084402	00000570
084402	00000565
084402	00000559
084402	00000554
084402	00000549
084402	00000543
084402	00000538
084402	00000533
084402	00000528
084402	00000522
084402	00000517
084402	00000512
084402	00000507
084402	00000501
084402	00000496
084402	00000491
084402	00000486
084402	00000480
084402	00000475
084402	00000470
084402	00000465
084402	00000459
084402	00000454
084402	00000449
084402	00000443
084402	00000438
084402	00000433
084402	00000427
084402	00000422
084402	00000417
084402	00000411
084402	00000406
084402	00000401
084402	00000396
084402	00000390
084402	00000385
084402	00000379
084402	00000374
084402	00000369
084402	00000364
084402	00000358
084402	00000353
084402	00000348
084402	00000343
084402	00000337
084402	00000332
084402	00000327
084402	00000321
084402	00000316
084402	00000311
084402	00000305
084402	00000300
084402	00000295
084402	00000290
084402	00000285
084402	00000281
084402	00000277
084402	00000273
084402	00000268
084402	00000264
084402	00000260
084402	00000256
084402	00000252
084402	00000247
084402	00000243
084402	00000238
084402	00000234
084402	00000230
084402	00000226
084402	00000222
084402	00000217
084402	00000213
084402	00000210
084402	00000210
084402	00000210
084402	00000210
084402	00000210
084402	00000210
084402	00000210
084402	00000210
084402	00000210
084402	00000210
084402	00000210
084402	00000210
084402	00000210
084402	00000210
084402	00000210
084402	00000210
084402	00000210
084402	00000210
084402	00000210
084402	00000210
084402	00000210
084402	00000210
084402	00000210
084402	00000210
084402	00000210
084402	00000210
084402	00000210
084402	00000210
084402	00000210
084402	00000210
084402	00000210
084402	00000210
084402	00000210
084402	00000210
084402	00000210
084402	00000210
084402	00000210
084402	00000210
084402	00000210
084402	00000210
084402	00000210
084402	00000210
084402	00000210
084402	00000210
084402	00000210
084402	00000210
084402	00000210
084402	00000210
084402	00000210
084402	00000210
084402	00000210
084402	00000210
084402	00000210
084402	00000210
084402	00000210
084402	00000210
084402	00000210
084402	00000210
084402	00000210
084402	00000210
084402	00000210
084402	00000210
084402	00000210
084402	00000210
084402	00000210
084402	00000210
084402	00000210
084402	00000210
084402	00000210
084402	00000210
084402	00000210
084402	00000210
084402	00000210
084402	00000210
084402	00000210
084402	00000210
084402	00000210
084402	00000210
084402	00000210
084402	00000210
084402	00000210
084402	00000210
084402	00000210
084402	00000210
084402	00000210
084402	00000210
084402	00000210
084402	00000210
084402	00000210
084402	00000210
084402	00000210
084402	00000210
084402	00000210
084402	00000210
084402	00000210
084402	00000210
084402	00000210
084402	00000210
084402	00000210
084402	00000210
084402	00000210
084402	00000210
084402	00000210
084402	00000210
084402	00000210
084402	00000210
084402	00000210
084402	00000210
084402	00000210
084402	00000210
084402	00000210
084402	00000210
084402	00000210
084402	00000210
084402	00000210
084402	00000210
084402	00000210
084402	00000210
084402	00000210
084402	00000210
084402	00000210
084402	00000210
084402	00000210
084402	00000210
084402	00000210
084402	00000210
084402	00000210
084402	00000210
084402	00000210
084402	00000210
084402	00000210
084402	00000210
084402	00000210
084402	00000210
084402	00000210
084402	00000210
084402	00000210
084402	00000210
084402	00000210
084402	00000210
084402	00000210
084402	00000210
084402	00000210
084402	00000210
084402	00000210
084402	00000210
084402	00000210
084402	00000210
084402	00000210
084402	00000210
084402	00000210
084402	00000210
084402	00000210
084402	00000210
084402	00000210
084402	00000210
084402	00000210
084402	00000210
084402	00000210
084402	00000210
084402	00000210
084402	00000210
084402	00000210
084402	00000210
084402	00000210
