084402	00000780
084402	00000780
084402	00000779
084402	00000775
084402	00000772
084402	00000767
084402	00000763
084402	00000758
084402	00000753
084402	00000748
084402	00000742
084402	00000737
084402	00000732
084402	00000727
084402	00000722
084402	00000717
084402	00000712
084402	00000707
084402	00000702
084402	00000697
084402	00000692
084402	00000687
084402	00000682
084402	00000677
084402	00000672
084402	00000667
084402	00000662
084402	00000657
084402	00000652
084402	00000647
084402	00000643
084402	00000638
084402	00000632
084402	00000627
084402	00000622
084402	00000617
084402	00000612
084402	00000606
084402	00000601
084402	00000596
084402	00000590
084402	00000585
084402	00000580
084402	00000575
084402	00000569
084402	00000564
084402	00000559
084402	00000553
084402	00000548
084402	00000543
084402	00000538
084402	00000532
084402	00000527
084402	00000522
084402	00000516
084402	00000511
084402	00000506
084402	00000501
084402	00000495
084402	00000490
084402	00000485
084402	00000480
084402	00000474
084402	00000469
084402	00000464
084402	00000459
084402	00000453
084402	00000448
084402	00000443
084402	00000437
084402	00000432
084402	00000427
084402	00000422
084402	00000416
084402	00000411
084402	00000406
084402	00000400
084402	00000395
084402	00000389
084402	00000384
084402	00000379
084402	00000374
084402	00000368
084402	00000363
084402	00000358
084402	00000352
084402	00000347
084402	00000342
084402	00000337
084402	00000331
084402	00000326
084402	00000321
084402	00000315
084402	00000310
084402	00000305
084402	00000299
084402	00000294
084402	00000289
084402	00000285
084402	00000280
084402	00000276
084402	00000272
084402	00000268
084402	00000263
084402	00000259
084402	00000255
084402	00000251
084402	00000247
084402	00000242
084402	00000238
084402	00000234
084402	00000229
084402	00000225
084402	00000221
084402	00000217
084402	00000213
084402	00000210
084402	00000210
084402	00000210
084402	00000210
084402	00000210
084402	00000210
084402	00000210
084402	00000210
084402	00000210
084402	00000210
084402	00000210
084402	00000210
084402	00000210
084402	00000210
084402	00000210
084402	00000210
084402	00000210
084402	00000210
084402	00000210
084402	00000210
084402	00000210
084402	00000210
084402	00000210
084402	00000210
084402	00000210
084402	00000210
084402	00000210
084402	00000210
084402	00000210
084402	00000210
084402	00000210
084402	00000210
084402	00000210
084402	00000210
084402	00000210
084402	00000210
084402	00000210
084402	00000210
084402	00000210
084402	00000210
084402	00000210
084402	00000210
084402	00000210
084402	00000210
084402	00000210
084402	00000210
084402	00000210
084402	00000210
084402	00000210
084402	00000210
084402	00000210
084402	00000210
084402	00000210
084402	00000210
084402	00000210
084402	00000210
084402	00000210
084402	00000210
084402	00000210
084402	00000210
084402	00000210
084402	00000210
084402	00000210
084402	00000210
084402	00000210
084402	00000210
084402	00000210
084402	00000210
084402	00000210
084402	00000210
084402	00000210
084402	00000210
084402	00000210
084402	00000210
084402	00000210
084402	00000210
084402	00000210
084402	00000210
084402	00000210
084402	00000210
084402	00000210
084402	00000210
084402	00000210
084402	00000210
084402	00000210
084402	00000210
084402	00000210
084402	00000210
084402	00000210
084402	00000210
084402	00000210
084402	00000210
084402	00000210
084402	00000210
084402	00000210
084402	00000210
084402	00000210
084402	00000210
084402	00000210
084402	00000210
084402	00000210
084402	00000210
084402	00000210
084402	00000210
084402	00000210
084402	00000210
084402	00000210
084402	00000210
084402	00000210
084402	00000210
084402	00000210
084402	00000210
084402	00000210
084402	00000210
084402	00000210
084402	00000210
084402	00000210
084402	00000210
084402	00000210
084402	00000210
084402	00000210
084402	00000210
084402	00000210
084402	00000210
084402	00000210
084402	00000210
084402	00000210
084402	00000210
084402	00000210
084402	00000210
084402	00000210
084402	00000210
084402	00000210
084402	00000210
084402	00000210
084402	00000210
084402	00000210
084402	00000210
084402	00000210
084402	00000210
084402	00000210
084402	00000210
084402	00000210
084402	00000210
084402	00000210
084402	00000210
084402	00000210
084402	00000210
084402	00000210
084402	00000210
084402	00000210
084402	00000210
084402	00000210
084402	00000210
084402	00000210
084402	00000210
084402	00000210
084402	00000210
084402	00000210
084402	00000210
084402	00000210
084402	00000210
084402	00000210
084402	00000210
