084530	00000210
084530	00000210
084530	00000208
084530	00000206
084530	00000206
084530	00000206
084530	00000206
084530	00000206
084530	00000206
084530	00000206
084530	00000206
084530	00000206
084530	00000206
084530	00000206
084530	00000206
084530	00000206
084530	00000206
084530	00000206
084530	00000206
084530	00000206
084530	00000206
084530	00000206
084530	00000206
084530	00000206
084530	00000206
084530	00000206
084530	00000206
084530	00000206
084530	00000206
084530	00000206
084530	00000206
084530	00000206
084530	00000206
084530	00000206
084530	00000206
084530	00000206
084530	00000206
084530	00000206
084530	00000206
084530	00000206
084530	00000206
084530	00000206
084530	00000206
084530	00000206
084530	00000206
084530	00000206
084530	00000206
084530	00000206
084530	00000206
084530	00000206
084530	00000206
084530	00000206
084530	00000206
084530	00000206
084530	00000206
084530	00000206
084530	00000206
084530	00000206
084530	00000206
084530	00000206
084530	00000206
084530	00000206
084530	00000206
084530	00000206
084530	00000206
084530	00000206
084530	00000206
084530	00000206
084530	00000206
084530	00000206
084530	00000206
084530	00000206
084530	00000206
084530	00000206
084530	00000206
084530	00000206
084530	00000206
084530	00000206
084530	00000206
084530	00000206
084530	00000206
084530	00000206
084530	00000206
084530	00000206
084530	00000206
084530	00000206
084530	00000206
084530	00000206
084530	00000206
084530	00000206
084530	00000206
084530	00000206
084530	00000206
084530	00000206
084530	00000206
084530	00000206
084530	00000206
084530	00000206
084530	00000206
084530	00000206
084530	00000206
084530	00000206
084530	00000206
084530	00000206
084530	00000206
084530	00000206
084530	00000206
084530	00000206
084530	00000206
084530	00000206
084530	00000206
084530	00000206
084530	00000206
084530	00000206
084530	00000206
084530	00000206
084530	00000206
084530	00000206
084530	00000206
084530	00000206
084530	00000206
084530	00000206
084530	00000206
084530	00000206
084530	00000206
084530	00000206
084530	00000206
084530	00000206
084530	00000206
084530	00000206
084530	00000206
084530	00000206
084530	00000206
084530	00000206
084530	00000206
084530	00000206
084530	00000206
084530	00000206
084530	00000206
084530	00000206
084530	00000206
084530	00000206
084530	00000206
084530	00000206
084530	00000206
084530	00000206
084530	00000206
084530	00000206
084530	00000206
084530	00000206
